18721312
19319542
19383192
19407856
19450718
19501762
19149002
19270872
19319090
19388544
19440984
19477556
19034398
19069488
19238862
17381506
17895370
18022252
18068558
18137804
18175136
18225578
18257096
18338382
17889298
18008690
18076072
18146782
18196976
18239916
18304166
18296226
17422968
185927242
185932526
185927002
185934794
185928568
185927400
185931082
185928568
185929942
185927796
185907962
185928618
185924174
185917138
185915782
185930514
185922512
185929502
185933896
185923272
185940736
185940936
185930974
185941352
185943810
185945848
185939702
185933724
185935240
185935128
185932154
185939564
185933602
185928186
185932874
185930674
185913762
185939554
185937242
185943472
185930778
185936162
185936962
185942424
185929638
185937742
185937276
185935494
185925296
185936198
185927418
185943868
185935312
185935266
185924938
185922990
185932742
185939468
185936820
185929900
185942748
185945202
185931546
185931008
185930714
185926826
185928076
185927740
185927052
185929480
185929310
185932766
185928716
185926312
185931220
185931320
185928312
185931810
185926264
185927360
185930342
185926960
185926456
185929072
185937822
185950740
185940778
185951320
185952818
185945794
185924946
185933814
185925800
185930522
185928956
185928352
185929096
185929142
185931416
185929690
185930706
185928634
185928486
185930690
185929202
185926410
185932478
185929972
185926938
185926708
185927628
185930030
185927910
185945100
185947710
185949050
185947686
185945740
185938726
185947158
185944316
185934196
185936108
185926216
185927616
185927132
185926326
185933166
185930804
185927686
185926500
185927700
185926250
185928220
185930346
185926394
185930842
185926790
185926912
185929338
185927430
185930018
185932616
185929738
185928308
185923240
185929284
185928484
185929682
185927320
185930648
185932482
185929632
185928316
185929424
185927378
185927678
185284918
185261106
185250144
185285096
185285838
185284890
185292114
185292516
185292220
185293960
185292376
185284282
185286986
185288918
185296498
185288404
185292312
185288702
185290330
185288826
185284738
185287116
185280170
185284838
185286438
185296122
185287310
185299322
185288078
185285886
185292012
185285764
185280000
185300750
185283778
185285958
185288608
185283056
185292652
185301144
185287890
185285070
185288610
185274884
185286792
185272954
185277700
185284886
185282546
185276192
185295984
185272810
185299724
185278718
185283610
185282792
185280168
185293972
185289512
185287356
185303210
185296558
185282898
185279394
185280100
185285220
185284964
185285766
185281532
185285692
185290264
185282382
185285770
185285648
185285358
185283990
185283790
185288720
185285540
185286154
185285452
185279896
185282838
185282592
185281316
185281378
185282244
185284662
185284368
185286946
185280436
185282612
185281112
185284300
185284666
185280794
185285668
185282186
185278942
185291726
185291336
185302318
185294952
185300488
185299392
185297906
185291344
185287920
185295152
185292172
185276274
185284608
185289910
185283242
185282336
185281778
185279486
185280200
185281510
185286164
185282406
185287126
185283942
185283204
185276786
185281988
185280948
185277554
185280956
185280672
185277876
185281862
185286816
185284060
185288428
185292258
185291098
185281604
185285390
185287610
185282262
185294570
185285440
185290794
185283390
185295768
185289838
185285730
185284300
185287360
185281086
185292224
185289540
185272582
185264596
185283102
165423836
165430018
165430010
165471080
165435010
165430470
165461182
165452060
165433706
165433050
165480088
165427146
165431922
165434672
165463994
165448426
165429404
165451596
165453338
165428162
165466700
165451906
165476944
165437188
165438938
165439430
165435748
165441864
165437318
165440144
165446402
165443578
165458568
165429774
165460032
165438928
165436894
165437212
165441648
165443356
165439694
165435904
165435776
165454078
165441900
165459454
165438088
165444516
165438982
165440706
165443100
165446546
165445740
165441466
165439374
165468308
165445038
165443126
165443594
165448544
165445988
165448840
165446028
165446364
165439392
165444798
165430152
165451414
165454930
165457104
165445668
165445790
165447754
165447312
165447800
165444332
165444532
165462018
165447226
165443724
165447090
165447652
165448358
165450446
165443652
165447402
165449438
165446782
165449692
165453480
165444416
165438442
165459306
165461646
 50263006
165430540
165476986
165456798
165428654
165442824
165457306
165426286
165475914
165429508
165427902
165477440
165429858
165427968
165448190
165456106
165449824
165431734
165432358
165475592
165433450
165430028
165445588
165461776
165429874
165426438
165431128
165466960
165445138
165431264
165429584
165477404
165428108
165427294
165477858
165431574
165476920
165430696
165479844
165437138
165432232
165434418
165479438
165433524
165433692
165434198
165472026
165426778
165444798
165439922
165431522
165454394
165470758
165433064
165431644
165454792
165461676
165432960
165477602
165430094
165478734
165430926
165434708
165442814
165479028
165434180
165437098
165438922
165470584
165426668
165445254
165439330
165437288
165442606
165481746
165437830
165436488
165439110
165463376
165457278
165445960
165434816
165431650
165468842
165451854
165432460
165433442
165481034
165429544
165429782
165477080
165461436
164489726
164510206
164506240
164506144
164506026
164517538
164510128
164500546
164498500
164502206
164506714
164491036
164498372
164497872
164500334
164499526
164498688
164497426
164495672
164502474
164502382
164503614
164522738
164501520
164503192
164513610
164499528
164491268
164506760
164504036
164506274
164501172
164505070
164512306
164504562
164500338
164508646
164515220
164519334
164509046
164496036
164496740
164499822
164500992
164492954
164500166
164500480
164532234
164503506
164503626
164504110
164500274
164503910
164509078
164500882
164495024
164498278
164500628
164498492
164520044
164524960
164497914
164502340
164492378
164492064
164513756
164495868
164524574
164498346
164496590
164498040
164500192
164537240
164504582
164496642
164506920
164504728
164533202
164502442
164469890
164517990
164515010
164502852
164485628
164518836
164499868
164504712
164502594
164495616
164495752
164494610
164504562
164533974
164491634
164494878
164487098
164536196
164486410
164487500
164501930
164525882
164494658
164491500
164495238
164531334
164501232
164486692
164490050
164492954
164511718
164523338
164493328
164496818
164495460
164524368
164506656
164490308
164535232
164493554
164530750
164502766
164492446
164495786
164527502
164492320
164492492
164529158
164502156
164486944
164487940
164524246
164500838
164493826
164508496
164521830
164492260
164494664
164518544
164514234
164492034
164489512
164505768
164528682
164489252
164493502
164541008
164485704
164487060
164537642
164489396
164501956
164487250
164539370
164486742
164495242
164539128
164487996
164492066
164540404
164491156
164492548
164528332
164524744
164510840
164489770
164498072
164536754
164492460
164491408
164495212
164536502
164492320
164492070
164486780
164537290
164486976
164504330
164530366
164497084
164497020
164495760
164497392
164505990
164489706
181053830
181030228
181091972
181090084
181092242
181089708
181053302
181050636
181079532
181084492
181087816
181061228
181086366
181041718
181058784
181082770
181088596
181028084
181084484
181085572
181082988
181054876
181049038
181033942
181080054
181078702
181079426
181079334
181080310
181054132
181041620
181070650
181078018
181055732
181078978
181079304
181076440
181078484
181076262
181076342
181064302
181033404
181104212
181045904
181078144
181111192
181053376
181090190
181076490
181069978
181085596
181062088
181082506
181058388
181090968
181080094
181043524
181098802
181052616
181082306
181104086
181031842
181096946
181096912
181031342
181090686
181075222
181094424
181073672
181054822
181103328
181049084
181089232
181069686
181051246
181109504
181049118
181079932
181114400
181054344
181057358
181112646
181051278
181116250
181037496
181107374
181043068
181109328
181079576
181039142
181102932
181087622
181057400
181104520
181042362
181096466
181106120
181048496
181099326
181082216
181090898
181059824
181098674
181079512
181052332
181119328
181051914
181106278
181064688
181097174
181079640
181053958
181062464
181106318
181038520
181105414
181058064
181087486
181101404
181032912
181103376
181099992
181077418
181048000
181076508
181095550
181095144
181075442
181076796
181076182
181074448
181076968
181077296
181078094
181080408
181027410
181064902
181082046
181092392
181091196
181044314
181064236
181091156
181092898
181036440
181090422
181095466
181078202
181050800
181067914
181091240
181091996
181054060
181057258
181094766
181092706
181091242
181050912
181077582
181049082
181085656
181085346
181088084
181093256
181081958
181033454
181090488
181100066
181038862
181079934
181083962
181098384
181063942
181067754
181105618
181038188
181099570
181103322
181036638
181098582
181080728
181096930
181037994
181086784
181094092
181082788
181029510
181091762
181091010
181089242
181088166
181079998
181056740
181057618
181095156
181103910
181040624
181108078
181105568
181035090
181102906
181101970
181084388
181036348
181106316
181097338
181042530
181104146
181101064
181034040
181088962
181094908
181094530
181083154
180160972
180226396
180225994
180226268
180228282
180224094
180218156
180225452
180225664
180219444
180194058
180203606
180210044
180183624
180243076
180178718
180242374
180171396
180232890
180203504
180206384
180238076
180191356
180173524
180243274
180177352
180244706
180177392
180243020
180217826
180195464
180240046
180169464
180236494
180234218
180235648
180171168
180234036
180224240
180199314
180222158
180214702
180198002
180238832
180232828
180197744
180243742
180202164
180233634
180214782
180220946
180238692
180195778
180251334
180178096
180180748
180244050
180177856
180244964
180216148
180207376
180241282
180209836
180210530
180237550
180198562
180221120
180215732
180248958
180180500
180248258
180178844
180239946
180184808
180240682
180197820
180227534
180233740
180224570
180199770
180246964
180184364
180244842
180175510
180239126
180218040
180202056
180240402
180229584
180204144
180206566
180239526
180222680
180182702
180231790
180253440
180189808
180254404
180185408
180192896
180252410
180201010
180233676
180245248
180182404
180249354
180196234
180233652
180243774
180202958
180197134
180236368
180243594
180211372
180203148
180241804
180225566
180181440
180236698
180238682
180191808
180209104
180227172
180231216
180233278
180229064
180229266
180230876
180206852
180179304
180231876
180237100
180240398
180173402
180230332
180234204
180249720
180174644
180224726
180238524
180239898
180166242
180238340
180237690
180219788
180176602
180166016
180243410
180236648
180213584
180182502
180232260
180235306
180232142
180183794
180200238
180229730
180233418
180232500
180226750
180227216
180196424
180196794
180233854
180236008
180225520
180166556
180230902
180228760
180232712
180234338
180165890
180230552
180231914
180239238
180178144
180217908
180232478
180231508
180209708
180216276
180177010
180232522
180231182
180228348
180226400
180192794
180195174
180227986
180225806
180176798
180225500
180236348
180242466
180177386
180242812
180241766
180243204
180185970
180219380
180235202
180230114
180236256
180222232
180179692
180230530
180233820
180234212
180234238
180218750
180194878
180212646
180232474
184005136
184075482
184168132
184002618
184167580
184013114
184154526
184123720
184047838
184174800
184017804
184167088
184176298
184014790
184167174
184016218
184172898
184019314
184173896
184029040
184161532
184043910
184009912
184132268
184088718
184115188
184076576
184133084
184051690
184160530
184023232
184166138
184016788
184169040
184173206
184005690
184173278
184011770
184170334
184016290
184170010
184013098
184174024
184013360
184013656
184171950
184015122
184174754
184009754
184175888
184026450
184151856
184079134
184096054
184130632
184168956
184050788
184170676
184013996
184167792
184008982
184169122
184008214
184170594
184009082
184169538
184032650
184035438
184148296
184012170
184170326
184098176
184021860
184176386
184016002
184184410
184027550
184140392
184175240
184018308
184173902
184012514
184169698
184013698
184175154
184013214
184179176
184014950
184104850
184170826
184040240
184155560
184072004
184123266
184099852
184100386
184089538
184102296
184098654
184066116
184088570
184102420
184092604
184126044
184068262
184138826
184046448
184168438
184013070
184174248
184166760
184170040
184011454
184173144
184010148
184171802
184016318
184170148
184029344
184153970
184068724
184114862
184007016
184119704
184065610
184173554
184168534
184005392
184167552
184045464
184134104
184105112
184068696
184166344
184003014
184007592
184168834
184005202
184166702
184052598
184120404
184142922
184030330
184166914
183999842
184165116
184166922
184059486
184104484
184159486
184009046
184166618
183999762
184165688
184084072
184082948
184163290
184005450
183998938
184165430
184010520
184157734
184094668
184082858
184137964
184043098
184172278
184009598
184168622
184169004
184006426
184174884
184015758
184166238
184033618
184145112
184108404
184062826
184167876
184082388
184005556
184170446
184011288
184169618
184056356
184120972
184143280
184035530
184168974
184004224
184094148
184169004
184014078
184164576
184081584
184101056
184141434
184035398
184169038
184005984
184170478
184149674
184006102
184167518
184091704
184079614
184166898
184005658
184167310
184006124
184167476
184095216
184029564
184281650
184422542
184252520
184419540
184376430
184294346
184417690
184280114
184443252
184292312
184433300
184271442
184286916
184349620
184373630
184275506
184433260
184279722
184433104
184289430
184431176
184289878
184432384
184356358
184361932
184297384
184414322
184280886
184426152
184278790
184432210
184289822
184413664
184266190
184306390
184377210
184344766
184311284
184405352
184285730
184441008
184281248
184443750
184284302
184436378
184431618
184278438
184435060
184269984
184433124
184273462
184438120
184273998
184431848
184293346
184279188
184414402
184317366
184394352
184333552
184369306
184361886
184343340
184417140
184304950
184356746
184428012
184366328
184294826
184442010
184294904
184447558
184296130
184396274
184339904
184351700
184363614
184271562
184306820
184414412
184295212
184440792
184277678
184447418
184293644
184435642
184282614
184437242
184430126
184283732
184432972
184276200
184415192
184300226
184426762
184279154
184439902
184283638
184398748
184264460
184312752
184410756
184289566
184434344
184263612
184435978
184264510
184425848
184274388
184415954
184425304
184418910
184349546
184343242
184418230
184273572
184428234
184255272
184426178
184315914
184356140
184422104
184273422
184427826
184266362
184432278
184268448
184427100
184272528
184434394
184304386
184397636
184286624
184339100
184362138
184386590
184310424
184436822
184269584
184431462
184263416
184424130
184296278
184409704
184401908
184371746
184321834
184427486
184265192
184428596
184261626
184432676
184334952
184354216
184295362
184416680
184272270
184423070
184276258
184429558
184275546
184443848
184274546
184431010
184285658
184405484
184434436
184280408
184439128
184272064
184428798
184280806
184420484
184291796
184412748
184331914
184292526
184376706
184363922
184351082
184384136
184319070
184417846
184283860
184428750
184262134
184435472
184410562
184265088
184426686
184294842
184401196
184372106
184318068
184424354
184264544
184427170
184262690
184279086
184424022
184311988
184376092
184420026
184259018
184422200
184264754
184415092
184394166
184283952
184422474
182095828
182127568
182142212
182095610
182160018
182122988
182098334
182166938
182098982
182163200
182094724
182159404
182146650
182108586
182150524
182103806
182160396
182100398
182159802
182095976
182159724
182097340
182089412
182159616
182093298
182161060
182092308
182175194
182119908
182128456
182122596
182133990
182167412
182161574
182120976
182122438
182121616
182120152
182162940
182134632
182115652
182115186
182177762
182118110
182119328
182116058
182144974
182143024
182113604
182138388
182147714
182117612
182148484
182137322
182138020
182128442
182139020
182125558
182130222
182127168
182131418
182128422
182133870
182128760
182131540
182166506
182160448
182135542
182121212
182127248
182121260
182180188
182121754
182120664
182117896
182182320
182119072
182095690
182122444
182141090
182139340
182138550
182134968
182131628
182130722
182132796
182161368
182159182
182160988
182129268
182126964
182121538
182144768
182157754
182121472
182119354
182154894
182142500
182116486
182097604
182153856
182136014
182112072
182174418
182149590
182163816
182157834
182090144
182156750
182126274
182130924
182163764
182103920
182144610
182128702
182115482
182091718
182153610
182104760
182168720
182106186
182154560
182126570
182106656
182171538
182102506
182167192
182160098
182104830
182146882
182132392
182123886
182147494
182123478
182141192
182132660
182134788
182147926
182110296
182123646
182111004
182173108
182110100
182131458
182149504
182110604
182171720
182119768
182112544
182139080
182172168
182121318
182112856
182171038
182104568
182146856
182136492
182102724
182170910
182106864
182151014
182169784
182101946
182170186
182104834
182167374
182118270
182116904
182182230
182114476
182116828
182105906
182175196
182114170
182126208
182171314
182116076
182147834
182143166
182108326
182172306
182108992
182162372
182166870
182114404
182139336
182136242
182140390
182132422
182153508
182111236
182165740
182102658
182092548
181955580
181972228
181973182
181985588
182014494
181967382
181968156
181964374
181989850
182009148
181968916
181958664
181975298
181969382
182000902
182002496
181970148
181969502
181972990
182024730
181963152
181966202
181974388
181994990
181992226
181974152
181980356
181976244
181984186
182016842
181994468
181982220
181980904
182008882
181977218
181988638
182024780
181978314
181976590
181974668
181995868
182011766
181975162
181975378
181959190
181990358
182010742
181968774
181965684
182030242
181973078
181975018
181974952
182011392
181991716
182025036
181971486
181974838
181976234
182011162
181994328
181975028
181974104
181980618
182002992
182000128
181957046
181967548
181971142
182016212
181982728
181966502
182003674
181990166
181964498
182027600
181980960
182000472
181979338
181977220
182006062
182011422
181977714
181976574
181981566
182030638
181976982
181971418
181978090
181996038
182027082
181977486
181969880
182006652
181993170
181965106
182026670
181964136
181963712
181982398
182025586
181960798
182022704
181990754
181966576
181968726
182006446
181955694
182026370
181963014
182028924
181958534
181970128
182023582
181957086
182015276
182022912
181964396
181972790
182014304
181961136
182025746
181961602
181990240
181995626
181958002
181960444
182021764
181957468
182022984
181952892
182020868
181955214
182013756
181957338
182019398
181957158
182000540
181993446
181985316
181968906
182007634
181956284
182024084
181959040
182012714
181972090
181965378
181971524
182017664
181961314
182022954
181957660
182018892
181958336
181999920
181974526
181999120
181973140
181966724
182005500
181967746
182017936
181952058
182029040
181968942
181984762
182004204
181965348
182026076
182007314
181961662
182026576
181962782
182007936
181974498
181988422
181993730
181992498
181986844
181996684
181958878
181981016
182018526
181949454
182018910
181949904
182014142
181987366
181977722
182013098
181964938
182021996
185089652
185277260
185090054
185275378
185275046
185205646
185160914
185272004
185278290
185116716
185253810
185161354
185276042
185241956
185124942
185276460
185272786
185152722
185210718
185279246
185275596
185093138
185210842
185275530
185282630
185147278
185233512
185278300
185158904
185213160
185281986
185186538
185194540
185278238
185281524
185187150
185209446
185284260
185141180
185276032
185286250
185121652
185263472
185280406
185236454
185141954
185232428
185278950
185163144
185215720
185279894
185196732
185178456
185279188
185197706
185141348
185176792
185281332
185207918
185169980
185277714
185246598
185136744
185277858
185278766
185101228
185277262
185275858
185278098
185113438
185264702
185276110
185178926
185194078
185278266
185241458
185132486
185278522
185283488
185279204
185091746
185276672
185276158
185121396
185252728
185275742
185176138
185197952
185115964
185279732
185193282
185183184
185278650
185193440
185265786
185124782
185280292
185263956
185141322
185254958
185278320
185228670
185161438
185279452
185246724
185131578
185278358
185268654
185117982
185281302
185275912
185273622
185289368
185099170
185279584
185285480
185122832
185269708
185281476
185165058
185219364
185292472
185207952
185159218
185228042
185282394
185158096
185226892
185284246
185181066
185202748
185281228
185215756
185158596
185165696
185277972
185251208
185132364
185277162
185274872
185106238
185277180
185280294
185120530
185273478
185260358
185280222
185166724
185210798
185282714
185220146
185163290
185277706
185282924
185279148
185096196
185271852
185275696
185199824
185176248
185274876
185277422
185274724
185095916
185274302
185273774
185175366
185189996
185275884
185275188
185087854
185275742
185163156
185273706
185209346
185154288
185274294
185272246
185137496
185221628
185273506
185268946
185096646
185198928
185278300
185273050
185187338
185177352
185274488
185272142
185089382
185273304
185277596
185221674
185274374
185146190
185274874
185273324
185089398
185282178
185277740
185156716
185214290
185275608
185250590
185278530
185132216
185274954
185275498
185099042
185272716
185276386
185190652
185168400
185276224
185277904
185093936
185098088
185278880
185276624
185207400
185161388
185278094
185278384
185114722
185252726
185275822
185276366
185230178
185144374
185276572
185279606
185096262
185275992
185276644
185183654
185189846
185276536
185274726
185395056
185557566
185374356
185555314
185562642
185476108
185456750
185557742
185556696
185421130
185502940
185557196
185554756
185553666
185379000
185545772
185554010
185549804
185369090
185553578
185551538
185553922
185558674
185415560
185571560
185437840
185529642
185567888
185401856
185567228
185487302
185469048
185560214
185397286
185420912
185538320
185573526
185389710
185578262
185509682
185455282
185564182
185461872
185499036
185543122
185564012
185393882
185559136
185554018
185408786
185569704
185497852
185468248
185571968
185407898
185557978
185558184
185567730
185400988
185575034
185526254
185444228
185566912
185508454
185463350
185571634
185429002
185489628
185461822
185570358
185489740
185470194
185568384
185509552
185442392
185563800
185550880
185531306
185399656
185573530
185561490
185387642
185560456
185570876
185383816
185565964
185581046
185396122
185561568
185574850
185485092
185492400
185577638
185410534
185573830
185538712
185449072
185571926
185486298
185454196
185473506
185568470
185438906
185529938
185580176
185396038
185566316
185582510
185403272
185568562
185491144
185563594
185538346
185426342
185571852
185490768
185469756
185564322
185463216
185494496
185566128
185478492
185561064
185480116
185571576
185450710
185509264
185565104
185457432
185489470
185570166
185498470
185445458
185501082
185565466
185561404
185379732
185558764
185558680
185452480
185484902
185565950
185523410
185413176
185429372
185559370
185560258
185429660
185496368
185552084
185556078
185565906
185533682
185403098
185565510
185563004
185378608
185564536
185554918
185561984
185406514
185544038
185562190
185454438
185491614
185559420
185524940
185424718
185561680
185388858
185562996
185384972
185554554
185559054
185464202
185480090
185566686
185550680
185386258
185563930
185562548
185556818
185467538
185466556
185565506
185558340
185378772
185556254
185562718
185466344
185469098
185561138
185570496
185529138
185415820
185577350
185541434
185413736
185570990
185542876
185415306
185571218
185385558
185567162
185380544
185559256
185566850
185395664
185550188
185561300
185446772
185502228
185567474
185555522
185501496
185453262
185562818
185550784
185391470
185562258
185562990
185405104
185529130
185568868
185557542
185480320
185452094
185562566
185560054
185384300
185562480
185557258
185454094
185477928
185558356
185375230
191985872
191981370
192144478
191984436
192124178
192020000
192066116
192077900
192019722
192119460
191994592
192079206
192151438
191985762
192150828
191990388
192130418
192016526
192047580
192097878
191989986
192153006
192036524
191990284
192147396
191985732
192157244
191991148
192128738
192012222
192085572
192057060
192033810
192099190
192110462
191990426
192150764
191989912
192150002
191987910
192151460
191989326
192142604
191991400
192000160
192095472
192041092
192059792
192076776
192009370
192125656
191987650
192149594
191988204
192149708
192133020
191991450
192149646
191990108
192125796
192018888
192065670
192074796
192008664
192135364
191989854
191983480
192150620
191990628
192150472
191988472
192130864
192019634
192059856
192079074
192005114
192128516
192146966
191989720
192146526
191987018
192150274
191987200
192152572
191988248
192094928
192047000
192043126
191983946
192111320
191992422
192147766
191991356
192147564
191989894
192147582
191986690
192144056
191993836
192148800
192097872
192037706
192053860
192083900
192016500
192118596
191994118
192145272
191987306
192147220
191984768
192134478
191984224
192148616
191986418
192148226
192145124
191982328
192147454
191983240
192145662
191987142
192147310
191981450
192146024
191980848
192001212
192146712
191983304
192146794
191984924
192148004
191987604
192144814
191982068
192125480
192006408
192118758
192114522
192018362
192091504
192040428
192082938
192044438
192074796
192051826
192063738
192069448
192014952
192052662
192075750
192048022
192082982
192030256
192103798
192017524
192114230
192002892
192122670
192090992
191988126
192140372
191982722
192157502
191982598
192145540
191981310
192145070
191982124
192145304
192040348
191981542
192147504
191982108
192142596
191982568
192146406
191985886
192143216
191993878
192145932
192068124
191981898
192150622
191981284
192146780
191985028
192146568
191984266
192148512
191982768
192147910
192065116
191983248
192146298
191983032
192145612
191982084
192144540
191977634
192145394
191979206
192143032
192050708
188962598
189116322
188953196
189118004
188959258
189123800
188964918
189124420
188964960
189121638
188963990
189009396
189123504
188961388
189115064
188972404
189064716
189025126
189042044
189044246
189004008
189081780
189062184
188966494
189121518
188964838
189121236
188976402
189126116
188963176
189122000
188961318
189098348
189021962
188992100
189054782
189054604
188970560
189130512
188971380
189136060
188971484
189129006
188978556
189063222
189077690
189029478
189024904
189091328
188978992
189132324
188974898
189131200
188980834
189130800
189014208
188964220
189123276
188961108
189126812
188964046
189125526
188963228
189084368
189001226
189047926
189049202
189043422
189010070
189078492
188968872
189126788
188966326
189123426
188961406
189127284
188970186
189037046
189125386
188971960
189104586
188994238
189078474
189010250
189069576
189012534
189056298
189037842
189019824
189022430
189061586
189002872
189084956
188982996
189111552
188962250
189123968
188959774
189122340
189063000
188960642
189117792
188965060
189120326
188960028
189120914
188961328
189124970
188958026
189120552
189006342
189120850
188957640
189119796
188958978
189118980
188958112
189120374
189086964
188980862
189105552
188967248
189112950
188956476
189120982
188962506
189125894
188968992
188963042
189122220
188963020
189125294
188966432
189123860
188965466
189107722
188977050
189096288
188999606
189118388
189076878
189018842
189060482
189028190
189057364
189031740
189056732
189024600
189072412
189006868
188966898
189086202
188998100
189093946
188990448
189089944
188995984
189075072
189009816
189067332
189011780
189101002
189048172
189039944
189029184
189051378
189041058
189042204
189026296
189062486
189023386
189062348
188976574
189024974
189063542
189030436
189048422
189050530
189027326
189061220
189020948
189050630
189027814
189087224
189061138
189018710
189065864
189020216
189059042
189021194
189055332
189019916
189069768
189003378
188991110
189081058
188995798
189101816
188971162
189120888
188958442
189117490
188952376
189116924
188954296
189071650
190995444
191075116
191075558
191073716
191073328
191025088
190998766
190981520
191066410
191075778
191076106
191023804
191071386
191075508
191072284
191077012
191077116
191075748
191000020
190992006
191005404
191073406
190990408
191073230
191073098
191072300
191070004
191077732
191072290
191074386
191052000
190996088
190998250
190991164
191022194
191076040
191071036
191073940
191072204
191073550
191074384
191073602
191073012
191065850
191074846
190998942
190998330
191010104
191078330
191089322
191080612
191081668
191084362
191080094
190968350
191075310
190978556
191082900
191078918
191079554
191085070
191078070
191064022
190973496
190991270
191085428
191075654
191081264
191080282
191076650
191078492
191082478
190960014
190985222
191079972
191080828
191080354
191077958
191096606
191082870
191070082
190982616
190967512
191078248
191081548
191084802
191080690
191077164
191076368
191093024
190986374
190979950
191076224
191085646
191083032
191088424
191089702
191050400
190986420
191076318
191007734
191087336
191083492
191085226
191089772
191090574
191092342
190982956
190989272
191086538
191073720
190995718
191091394
191090008
191087992
191093086
191091220
191003416
190990398
191028216
191078404
191078636
191064196
191082358
191080186
191085806
191083428
191026420
190954650
191045828
191084230
191090432
191077848
190984430
191080912
191084666
190970222
190979568
191084444
191086614
191080406
191083932
191078586
191049958
190987482
190966436
191019420
191085328
191085448
191081696
191088788
191084912
191018302
190974748
191041676
191047142
191080122
191077912
191079012
191078982
191081050
191079882
190979910
190982192
191063088
191081296
191076640
191077792
191081926
191079242
191083340
191081388
190982158
190978248
191063046
191077108
191079192
191076532
191077726
191078280
191073614
191044992
190965860
191008706
191080382
191076214
191077230
191079014
191083224
191082806
191074730
191031918
190987064
190987486
191079258
191077878
191076120
191077058
191075908
191075406
191077080
191077254
191085740
191080146
191020364
191071016
190989340
190990154
191032660
191071838
191075548
191074840
191074050
191082114
191077626
191075228
191056578
190980080
190991028
191066588
191076902
191079036
191076738
191081522
191078704
191080142
191077836
191076694
191002220
190991896
191015236
191089924
191079238
191081654
191079364
191080692
191079280
191081662
191076370
191041996
190999390
190994048
191051902
191074204
191075888
191075462
191074992
191078376
191078130
191077092
191077890
191075498
190991896
190983694
191035754
191077868
191081868
191077518
191074548
191078018
191078150
191078106
191077380
190980514
190983440
191050020
191076002
191077512
191073888
191072866
191073612
191078050
191080366
191080630
191007460
190987690
191014752
191077510
191082016
191077392
191074114
191072916
182298628
182324528
182319496
182318400
182317106
182284660
182295106
182285338
182299716
182318530
182324492
182308920
182322036
182317392
182319096
182319020
182319042
182320708
182322026
182317608
182322388
182317880
182313022
182321172
182323418
182321004
182319792
182321636
182326992
182323210
182323360
182318408
182285176
182314552
182296490
182305312
182313384
182302984
182320250
182326728
182336002
182323964
182326624
182330510
182317540
182324380
182319312
182323820
182323600
182328634
182323114
182324068
182320804
182325430
182326622
182300554
182320846
182321516
182323070
182320056
182307896
182310702
182312536
182308062
182314518
182316862
182312442
182324182
182320224
182317190
182317288
182320972
182319496
182318622
182319614
182317986
182311946
182316194
182318634
182318066
182318192
182317300
182315742
182316808
182315484
182319606
182319874
182314910
182316160
182319600
182318256
182315646
182315884
182317004
182320196
182317212
182321800
182316936
182317502
182318940
182318426
182314300
182321514
182320884
182319002
182316030
182316030
182318568
182318758
182318342
182328632
182320216
182320298
182322474
182317864
182317054
182320978
182319052
182325210
182317620
182318236
182319146
182321588
182319800
182318742
182316994
182315564
182313948
182320518
182313656
182318830
182314708
182317516
182315900
182317342
182318484
182313440
182319810
182317334
182321188
182315614
182289774
182292696
182294428
182297660
182276442
182321488
182319508
182316288
182319654
182317592
182321170
182317912
182313122
182507314
182537932
182529696
182539110
182532568
182537132
182502172
182496770
182505086
182523126
182544586
182527262
182537120
182537508
182534072
182536222
182530870
182529832
182532146
182531504
182521622
182514874
182540744
182506692
182514218
182506228
182527012
182535338
182525844
182526622
182529578
182534928
182525490
182531382
182530646
182545412
182542680
182522750
182506626
182484708
182501692
182530496
182533732
182535040
182532804
182526502
182534126
182532832
182527474
182529532
182539114
182528578
182530148
182525984
182532828
182526696
182526850
182524746
182529466
182523338
182527972
182534986
182525008
182512446
182528282
182533486
182507902
182513138
182497480
182518032
182510452
182526830
182535012
182530540
182505206
182533558
182527702
182527308
182530480
182529994
182527828
182528332
182532488
182528370
182527360
182508996
182527204
182527214
182527256
182531078
182525492
182529848
182523350
182525700
182529134
182527394
182513906
182524918
182526798
182528620
182528140
182527824
182531682
182533996
182529286
182534342
182511888
182524896
182505362
182505216
182489520
182520694
182518252
182524690
182529242
182534576
182528822
182524630
182531638
182528094
182527068
182521340
182524736
182527670
182521240
182526338
182531418
182534408
182538660
182526996
182537202
182527178
182531386
182532056
182527536
182520700
182500274
182500726
182515226
182537554
182532186
182528514
182531492
182532786
182529302
182535290
182530044
182483158
182496346
182537204
182525552
182525508
162658454
162669962
162664152
162711882
162661800
162681918
162695306
162666456
162688364
162695706
162665852
162713656
162686462
162698588
162666800
162686872
162690036
162662772
162711362
162660538
162681680
162687362
162661622
162677408
162673056
162674464
162673136
162681784
162697490
162682556
162671104
162678482
162679896
162689368
162673006
162674236
162674616
162675584
162688314
162687958
162691540
162673668
162670204
162669064
162690604
162669458
162693500
162692062
162679490
162674796
162678040
162679720
162680264
162680410
162676594
162663240
162676082
162680512
162679452
162678690
162683380
162681794
162684836
162682656
162682550
162674172
162714396
162680726
162683128
162682862
162696458
162688344
162681806
162684820
162681080
162682222
162681442
162666396
162679536
162681266
162679964
162683762
162683938
162684546
162685894
162680534
162683384
162683900
162686652
162683556
162688560
162679622
162675486
162692314
162696498
162695568
162691244
162663956
162708140
162713392
162660968
162702160
162669082
162676858
162697640
162662182
162690154
162687884
162663090
162666960
162674274
162698888
162664936
162671370
162710448
162665250
162663178
162701032
162678550
162664386
162690450
162672126
162710146
162666440
162662764
162692538
162684180
162664056
162703822
162668986
162666330
162685056
162708692
162672942
162668158
162681386
162703302
162667344
162667870
162710740
162674162
162666366
162669488
162670024
162686798
162703270
162672430
162673076
162684428
162700082
162667960
162669024
162699206
162702662
162680818
162664606
162692786
162691674
162674054
162670526
162698902
162691480
162669974
162670672
162660968
162695394
162691246
162673704
162674308
162676120
162710460
162680602
162672788
162672918
162698410
162712624
162693644
162666290
162671996
162706108
162682584
162667348
162687776
162690056
162663408
162704826
162663954
161423476
161447620
161437858
161440114
161439384
161442856
161452122
161435934
161433312
161437910
161434356
161425992
161440806
161433876
161431830
161436262
161436774
161445582
161451558
161437896
161432266
161435510
161464912
161439802
161437844
161431346
161434740
161437578
161437652
161438162
161438344
161440190
161437978
161436888
161435926
161437872
161432128
161436842
161435558
161438234
161431634
161432964
161460930
161443280
161425562
161431298
161430246
161430388
161429760
161457028
161456232
161431282
161432232
161437100
161438972
161429064
161433862
161428884
161432212
161454640
161456816
161428736
161429920
161433030
161431504
161468120
161433194
161429576
161425872
161428856
161460920
161443036
161432070
161429568
161435182
161437730
161441876
161465750
161440928
161417154
161433246
161431840
161430948
161437948
161430874
161449268
161449174
161450940
161424468
161436228
161427658
161427926
161428148
161472178
161426202
161434800
161422238
161464224
161421028
161421502
161453546
161440762
161425374
161426180
161448576
161452472
161425258
161425306
161425354
161447414
161450000
161425358
161427510
161427638
161472202
161431648
161423076
161424320
161463362
161472584
161426156
161425176
161452304
161441988
161419256
161443340
161452882
161424474
161436022
161419946
161455006
161418520
161449092
161445620
161424464
161449632
161446932
161425500
161425116
161471888
161426886
161422714
161424070
161472430
161422870
161426846
161470978
161419582
161419614
161470402
161421900
161443224
161442514
161445246
161421412
161454304
161443330
161420082
161472454
161420682
161437028
161461922
161454196
161424284
161431202
161463612
161421352
161431810
161465276
161432100
161421726
161457990
161439192
161426762
161422596
161470998
161419204
161442144
161447516
161432944
161430768
161430510
161429394
161430398
161425690
183844188
183876752
183963364
183851480
183852392
183910938
183930956
183854510
183852686
183933328
183905758
183844200
183851888
183851186
183935994
183910764
183851708
183849092
183962360
183879022
183851662
183856668
183844758
183969982
183871564
183852558
183851874
183973332
183869830
183852956
183856486
183984758
183853636
183982550
183852246
183878732
183962238
183850570
183846268
183927396
183907324
183854622
183855118
183957640
183843800
183882826
183854870
183854008
183965626
183874854
183853776
183847530
183989342
183857682
183851558
183847070
183869200
183975706
183849382
183850650
183871098
183976516
183854884
183852126
183888526
183954606
183945322
183852822
183855280
183926120
183911658
183855260
183856886
183947318
183895554
183856010
183850876
183884698
183971496
183869910
183855054
183855428
183990562
183853846
183849926
183891976
183945194
183849448
183848362
183846000
183987782
183881334
183950824
183846566
183849224
183848784
183981518
183848370
183845996
183933664
183900752
183847290
183874360
183957596
183948570
183849664
183846926
183975772
183859268
183846020
183915986
183915900
183848322
183857128
183974660
183878914
183844562
183847030
183984858
183844124
183843326
183963208
183866070
183841768
183929852
183898224
183847570
183849100
183881154
183945220
183847358
183846500
183981906
183843462
183846008
183977714
183852830
183900218
183846572
183935576
183890732
183848586
183885990
183949906
183844206
183843494
183983060
183843928
183925720
183844448
183982870
183843360
183843648
183959400
183872320
183842582
183928626
183899838
183842944
183846372
183892342
183935424
183842152
183859960
183969232
183843772
183842490
183982142
183838338
183840392
183857782
183981270
183839858
183853218
183980792
183857948
183848352
183864066
183978456
183851430
183854984
183973992
